5 = 5,4,3,2,1,0
6 = 6,5,4,3,2,1,0
7 = 6,5,4,3,2,1,0
8 = 8,6,4,2,0
9 = 10,8,6,4,2,0
10 = 10,8,6,4,2,0
11 = 12,10,8,6,4,2,0
12 = 12,10,8,6,4,2,0
13 = 15,12,9,6,3,0
14 = 15,12,9,6,3,0
15 = 15,12,9,6,3,0
16 = 18,15,12,9,6,3,0
17 = 18,15,12,9,6,3,0
18 = 20,16,12,8,4,0
19 = 20,16,12,8,4,0
20 = 20,16,12,8,4,0
21 = 24,20,16,12,8,4,0
22 = 24,20,16,12,8,4,0
23 = 25,20,15,10,5,0
24 = 25,20,15,10,5,0
25 = 25,20,15,10,5,0
26 = 30,25,20,15,10,5,0
27 = 30,25,20,15,10,5,0
28 = 30,25,20,15,10,5,0
29 = 30,25,20,15,10,5,0
30 = 30,25,20,15,10,5,0
31 = 36,30,24,18,12,6,0
32 = 36,30,24,18,12,6,0
33 = 35,28,21,14,7,0
34 = 35,28,21,14,7,0
35 = 35,28,21,14,7,0
36 = 42,35,28,21,14,7,0
37 = 42,35,28,21,14,7,0
38 = 40,32,24,16,8,0
39 = 40,32,24,16,8,0
40 = 40,32,24,16,8,0
41 = 48,40,32,24,16,8,0
42 = 48,40,32,24,16,8,0
43 = 45,36,27,18,9,0
44 = 45,36,27,18,9,0
45 = 45,36,27,18,9,0
46 = 54,45,36,27,18,9,0
47 = 54,45,36,27,18,9,0
48 = 50,40,30,20,10,0
49 = 50,40,30,20,10,0
50 = 50,40,30,20,10,0
51 = 60,50,40,30,20,10,0
52 = 60,50,40,30,20,10,0
53 = 60,50,40,30,20,10,0
54 = 60,50,40,30,20,10,0
55 = 60,50,40,30,20,10,0
56 = 60,50,40,30,20,10,0
57 = 60,50,40,30,20,10,0
58 = 60,50,40,30,20,10,0
59 = 60,50,40,30,20,10,0
60 = 60,50,40,30,20,10,0
61 = 70,50,40,30,20,10,0
62 = 70,50,40,30,20,10,0
63 = 70,50,40,30,20,10,0
64 = 70,50,40,30,20,10,0
65 = 70,50,40,30,20,10,0
66 = 70,50,40,30,20,10,0
67 = 70,60,50,40,30,20,10,0
68 = 70,60,50,40,30,20,10,0
69 = 70,50,40,30,20,10,0
70 = 70,50,40,30,20,10,0
71 = 80,70,60,50,40,30,20,10,0
72 = 80,70,60,50,40,30,20,10,0
73 = 80,70,60,50,40,30,20,10,0
74 = 80,70,60,50,40,30,20,10,0
75 = 80,60,40,20,0
76 = 80,60,40,20,0
77 = 80,60,40,20,0
78 = 80,60,40,20,0
79 = 80,60,40,20,0
80 = 80,60,40,20,0
81 = 100,80,60,40,20
85 = 100,80,60,40,20
90 = 100,80,60,40,20
99 = 100,80,60,40,20
100 = 100,80,60,40,20
120 = 120,100,80,40,20,0
135 = 150,120,90,60,30,0
